732004
609933
447203
509383
381844
380500
435423
378602
398801
384721
331937
368622
385637
376020
355712
277572
280614
359280
341249
343588
336156
298905
341849
347146
400417
326534
302059
272237
278090
327027
293092
447146
252977
271406
254531
297402
267858
332188
259179
186172
248913
242431
270493
264260
253081
283019
267643
322642
279157
293796
294744
290755
276858
243114
376890
217098
393978
347570
272843
331176
250346
232149
386441
303456
245854
237613
337375
273086
229324
216473
241244
306601
252996
294716
256933
319503
239155
266697
275644
246270
300147
275535
335128
232150
285138
288832
292489
330174
242349
280717
333207
294803
255149
285387
273789
265842
329006
299520
288292
261015
227912
240780
310511
366117
286014
309199
305840
337346
327481
267978
259964
264463
284258
362334
208206
236419
244193
301477
359107
288616
350023
271293
242296
232090
275312
351638
292598
347513
362520
279663
418094
422736
274885
396486
351756
303640
252522
263257
271814
237677
294105
260734
281308
301329
230262
250082
362396
349956
274062
276121
267548
275648
303980
235254
344357
262832
209955
302386
281042
242385
308859
184853
207127
276839
288214
253608
259592
281103
238177
296340
307353
277434
216905
219745
285577
259945
264459
287602
235070
196890
250325
225723
217293
311925
196169
185688
189849
204936
283350
209663
250440
239068
277075
255351
294132
205587
259876
285053
264403
290898
252581
289717
361716
239672
308386
246339
244233
223453
316968
293433
215797
235001
310087
225301
221772
170820
247176
266565
270997
273796
238581
276827
289700
277951
228684
203460
311143
257322
267136
236882
268040
296170
277525
266526
217338
324483
301761
257217
215690
292629
231004
300644
308509
289752
263919
268157
198538
277159
323286
288932
307051
259984
296276
349039
334732
252779
239259
245867
316451
285931
225532
206404
243297
346162
313078
294147
334243
231981
290845
186841
264194
346160
310836
396716
265490
377235
315853
393234
409113
290772
346620
254265
241228
281202
242135
287265
192428
305912
264976
237111
182836
314138
346060
264783
337357
229967
247605
353207
202371
224604
342664
246264
232356
269381
248461
295159
234023
186109
272636
292154
246387
274743
207429
264506
250899
296538
312884
218594
244314
201806
256925
239531
293781
242560
223185
198785
227811
267073
289695
225029
153778
222313
168335
207712
261699
206356
242480
252720
285851
199426
293596
213097
270704
284034
244683
310532
230494
287796
349262
228535
316346
236662
248896
266334
325541
306743
204715
376988
379821
162141
222674
171911
329133
258632
275687
256527
326929
208623
267835
303332
244884
265749
299659
342874
182670
262465
308691
233276
331185
217815
229170
369390
288099
241143
267750
275697
205634
318394
334772
269947
341099
214840
200923
315284
403744
225170
362509
262669
401824
353835
250227
277451
262089
292273
375544
281195
259444
232394
330830
333822
361824
377869
326875
280961
285147
226278
299401
306908
331168
389919
340385
481275
429168
378877
476054
336255
245605
211579
292534
336786
229902
333288
294747
259430
295979
216917
258032
371784
340041
366267
299389
262535
256936
361697
269673
327082
335553
258551
314927
349830
297566
382440
236201
244774
325716
264858
310940
283912
260868
274314
333372
347180
257369
229978
217374
250512
261560
252344
332406
221884
218191
249594
265118
239251
320951
207971
143062
244335
189248
300729
269374
260777
249713
339589
314468
275355
315920
278556
319911
291305
231847
468293
261021
450600
420225
335314
460818
386714
232846
623625
578423
417560
470392
676895
472893
358167
349022
378184
483451
433868
523148
354878
452694
313506
417381
428910
397992
420298
443998
539331
400960
413296
410265
352785
369220
335286
372089
329671
463469
323320
342288
286854
372844
465365
465274
259958
380553
379963
352633
421617
498165
411313
517019
342408
489765
425521
292348
344675
461711
369085
427169
279361
324675
268295
484026
425493
526354
476437
439148
399246
342020
561772
587584
411848
611114
770756
475750
680635
413618
831120
681804
910494
691304
570621
490566
764076
852084
567476
440996
682408
517772
545207
572889
668451
566502
832366
710625
470750
573918
549646
469445
752199
425535
457241
614220
551431
370039
693541
388208
639384
735406
1.12589e+06
522179
899309
1.41313e+06
1.16124e+06
1.17092e+06
1.72875e+06
715499
885324
1.11873e+06
1.40345e+06
1.02643e+06
1.09145e+06
1.10992e+06
833832
1.65077e+06
969832
1.32328e+06
1.35987e+06
1.35942e+06
866482
541525
544086
412646
1.25836e+06
922441
913758
702725
894024
833789
1.20678e+06
568656
1.05338e+06
1.64427e+06
1.90747e+06
2.42402e+06
1.9068e+06
1.66715e+06
1.68e+06
2.01412e+06
2.61279e+06
2.38542e+06
1.7933e+06
1.54423e+06
1.91662e+06
2.07077e+06
2.44285e+06
1.43198e+06
1.30464e+06
1.26756e+06
2.29579e+06
1.80144e+06
2.44047e+06
2.66757e+06
1.69918e+06
1.40904e+06
3.48431e+06
1.71737e+06
2.84363e+06
3.34916e+06
2.7765e+06
2.35267e+06
2.45174e+06
3.42653e+06
3.80489e+06
3.48947e+06
3.11625e+06
4.05038e+06
4.4966e+06
3.5019e+06
1.82463e+06
3.17286e+06
3.58055e+06
5.09329e+06
2.81515e+06
3.17675e+06
3.32953e+06
4.90969e+06
4.62576e+06
3.28751e+06
3.305e+06
3.10573e+06
3.96768e+06
3.93838e+06
5.3935e+06
4.30271e+06
5.23843e+06
4.33311e+06
4.57348e+06
6.18319e+06
5.4344e+06
4.05639e+06
3.58727e+06
4.05946e+06
5.33652e+06
4.90274e+06
4.7409e+06
2.86191e+06
5.21852e+06
4.70813e+06
4.76991e+06
5.72414e+06
6.69541e+06
4.23478e+06
6.37678e+06
3.9168e+06
5.56724e+06
6.31387e+06
4.43471e+06
7.48836e+06
5.70798e+06
6.71747e+06
5.5341e+06
7.52552e+06
7.825e+06
5.1369e+06
9.0153e+06
6.6564e+06
7.18498e+06
5.21058e+06
5.69861e+06
6.81391e+06
6.08178e+06
7.15229e+06
6.15655e+06
6.03554e+06
5.05828e+06
8.32334e+06
7.69526e+06
6.49704e+06
6.69414e+06
6.16137e+06
6.10274e+06
9.91195e+06
6.68238e+06
7.27208e+06
8.69114e+06
7.52607e+06
8.43374e+06
7.50727e+06
8.15176e+06
7.70011e+06
8.51647e+06
7.61765e+06
9.61272e+06
1.24618e+07
8.82061e+06
8.22003e+06
7.95445e+06
1.21974e+07
9.52572e+06
1.17554e+07
1.37941e+07
8.30029e+06
1.00854e+07
7.70949e+06
1.13373e+07
7.5697e+06
1.16065e+07
1.08957e+07
5.74036e+06
1.27969e+07
7.77311e+06
7.18431e+06
1.07946e+07
5.88866e+06
9.03458e+06
1.14943e+07
7.16441e+06
1.01224e+07
1.14509e+07
8.78518e+06
1.05226e+07
1.192e+07
1.02363e+07
9.13599e+06
1.17982e+07
9.03977e+06
1.19775e+07
1.11876e+07
9.18556e+06
9.61112e+06
7.80503e+06
1.01226e+07
1.15124e+07
8.32428e+06
1.10774e+07
8.98331e+06
9.79022e+06
1.01239e+07
1.26537e+07
8.8997e+06
7.14918e+06
1.02778e+07
1.03786e+07
6.80057e+06
1.23906e+07
5.78595e+06
1.55866e+07
6.23171e+06
1.27581e+07
9.969e+06
9.91936e+06
7.35963e+06
7.3923e+06
5.67096e+06
4.97942e+06
4.90296e+06
4.06733e+06
6.62622e+06
4.04715e+06
4.64341e+06
4.12e+06
5.41686e+06
5.82642e+06
3.62585e+06
3.31305e+06
4.85082e+06
3.31973e+06
4.46282e+06
4.16977e+06
2.87519e+06
3.58843e+06
4.48081e+06
4.49081e+06
4.85624e+06
4.08297e+06
3.60497e+06
3.71597e+06
4.74181e+06
5.71526e+06
4.2454e+06
4.7219e+06
4.08292e+06
6.19874e+06
5.12856e+06
3.62431e+06
5.05567e+06
3.12969e+06
4.13037e+06
4.50359e+06
4.14319e+06
5.32945e+06
3.04831e+06
4.4739e+06
3.36422e+06
4.16287e+06
3.25694e+06
4.4957e+06
4.27176e+06
3.41417e+06
2.93535e+06
3.48312e+06
4.8922e+06
4.65201e+06
4.2996e+06
2.87318e+06
4.62209e+06
3.20481e+06
4.04361e+06
4.04788e+06
3.16469e+06
3.88037e+06
3.56664e+06
4.14218e+06
2.87375e+06
2.54881e+06
3.53532e+06
2.72159e+06
2.9736e+06
3.98002e+06
2.61189e+06
3.73057e+06
3.69226e+06
3.13073e+06
3.53744e+06
2.92585e+06
3.32871e+06
3.36487e+06
3.5786e+06
2.80323e+06
3.85547e+06
2.99826e+06
3.53571e+06
3.01404e+06
2.39479e+06
3.5333e+06
3.17321e+06
2.40446e+06
3.36749e+06
3.09068e+06
3.17961e+06
2.40165e+06
2.74338e+06
3.2968e+06
3.62998e+06
2.19537e+06
3.04882e+06
2.57299e+06
2.44753e+06
2.91901e+06
2.94757e+06
3.31599e+06
2.36201e+06
4.62547e+06
1.77741e+06
2.35503e+06
2.63089e+06
2.67704e+06
2.11655e+06
2.47729e+06
2.0777e+06
1.72651e+06
2.88086e+06
1.93356e+06
2.35086e+06
2.70372e+06
2.39004e+06
2.62706e+06
2.33208e+06
1.73709e+06
2.91278e+06
2.77282e+06
3.66627e+06
2.22132e+06
2.67779e+06
1.48952e+06
3.09187e+06
1.75399e+06
3.85452e+06
2.9442e+06
3.49271e+06
2.39342e+06
2.31336e+06
1.68014e+06
2.88418e+06
2.03126e+06
1.30554e+06
2.24639e+06
1.94072e+06
2.45282e+06
2.59341e+06
1.57849e+06
2.44523e+06
3.01196e+06
2.5008e+06
2.54331e+06
2.22086e+06
2.65689e+06
2.54912e+06
2.5238e+06
2.3285e+06
2.07529e+06
2.74354e+06
2.89327e+06
3.17386e+06
1.64547e+06
2.32326e+06
2.85136e+06
3.0256e+06
3.57933e+06
2.25383e+06
2.19049e+06
2.66506e+06
2.94404e+06
1.62293e+06
1.82563e+06
2.15429e+06
2.15943e+06
2.91711e+06
3.65646e+06
3.44707e+06
2.14563e+06
2.34235e+06
1.78334e+06
3.669e+06
3.71392e+06
2.31367e+06
3.05572e+06
2.43778e+06
4.50634e+06
2.7496e+06
2.05049e+06
2.89972e+06
2.28982e+06
3.72738e+06
2.7961e+06
2.77954e+06
3.1677e+06
2.82124e+06
2.60238e+06
2.28214e+06
3.18229e+06
3.00419e+06
2.29033e+06
3.08868e+06
1.92425e+06
2.24176e+06
3.06735e+06
2.93135e+06
3.19149e+06
2.31204e+06
2.40141e+06
3.44493e+06
1.97866e+06
2.11118e+06
2.94185e+06
2.36504e+06
1.82647e+06
2.96411e+06
1.70473e+06
1.9542e+06
1.49651e+06
1.5835e+06
1.63669e+06
1.74604e+06
2.66159e+06
1.65737e+06
2.60337e+06
2.65162e+06
1.78887e+06
2.26299e+06
1.75555e+06
1.9838e+06
1.94453e+06
2.26561e+06
1.94518e+06
2.33077e+06
2.12502e+06
1.81223e+06
1.97044e+06
2.26764e+06
1.48978e+06
2.27161e+06
1.73428e+06
1.64562e+06
2.70789e+06
1.82359e+06
1.11463e+06
1.92359e+06
2.11953e+06
2.11401e+06
1.65082e+06
1.73747e+06
1.50949e+06
1.80677e+06
1.95201e+06
2.1969e+06
2.50464e+06
1.39747e+06
3.01351e+06
1.54806e+06
1.49586e+06
2.00488e+06
1.97452e+06
1.20551e+06
1.20758e+06
1.35454e+06
1.43279e+06
1.47873e+06
1.49781e+06
1.56774e+06
2.02684e+06
1.70514e+06
2.07516e+06
1.30467e+06
1.43719e+06
2.8205e+06
1.78713e+06
2.60793e+06
1.63868e+06
1.50834e+06
1.48675e+06
1.8952e+06
1.38392e+06
3.03871e+06
2.58181e+06
1.84136e+06
1.94605e+06
1.35215e+06
1.86974e+06
1.09488e+06
1.46839e+06
1.30377e+06
1.50231e+06
1.34313e+06
2.08889e+06
1.67625e+06
1.06738e+06
1.98216e+06
1.53556e+06
2.33689e+06
1.2678e+06
2.0106e+06
1.59135e+06
1.85004e+06
1.9582e+06
2.02364e+06
1.72118e+06
1.72112e+06
2.71364e+06
1.88944e+06
1.11858e+06
1.95746e+06
2.35259e+06
3.16859e+06
1.41482e+06
1.69591e+06
2.06572e+06
1.87175e+06
2.14726e+06
1.07721e+06
1.25505e+06
1.85619e+06
2.14711e+06
2.32276e+06
3.03325e+06
1.92814e+06
1.73562e+06
1.64343e+06
2.29991e+06
2.59867e+06
1.85927e+06
2.65357e+06
2.2746e+06
1.62736e+06
3.13248e+06
1.74353e+06
2.28151e+06
1.93759e+06
1.8264e+06
2.34478e+06
2.47574e+06
1.96033e+06
2.28586e+06
2.14769e+06
1.77537e+06
1.54856e+06
2.74892e+06
2.34195e+06
1.6244e+06
2.20874e+06
2.09044e+06
1.33577e+06
2.77195e+06
1.64209e+06
2.28067e+06
1.40173e+06
3.45312e+06
1.23054e+06
1.8034e+06
1.59237e+06
1.98735e+06
1.61429e+06
1.20093e+06
2.27122e+06
1.46194e+06
1.00599e+06
1.36505e+06
685267
1.39165e+06
1.46031e+06
1.70736e+06
1.35586e+06
1.9194e+06
2.0663e+06
1.77576e+06
1.13944e+06
1.26739e+06
1.44278e+06
2.21868e+06
845562
1.92596e+06
1.83234e+06
1.08911e+06
1.45299e+06
1.11056e+06
2.17079e+06
1.01273e+06
1.23081e+06
1.62988e+06
1.49401e+06
1.88522e+06
884503
1.34692e+06
1.86769e+06
1.12263e+06
1.18977e+06
1.53943e+06
1.18732e+06
1.024e+06
1.84898e+06
1.02484e+06
1.80442e+06
1.71577e+06
2.00538e+06
1.38157e+06
1.31347e+06
1.10665e+06
1.55039e+06
1.37467e+06
796467
1.10952e+06
811355
1.42219e+06
990293
1.1089e+06
1.68882e+06
988272
2.02814e+06
1.14822e+06
939718
1.14325e+06
2.23116e+06
1.82663e+06
1.68213e+06
1.49926e+06
955143
1.23285e+06
1.51838e+06
1.96178e+06
1.34467e+06
2.1848e+06
983533
1.67959e+06
1.0416e+06
1.07523e+06
983317
841267
916094
1.13106e+06
1.76857e+06
1.07438e+06
1.01468e+06
1.01393e+06
1.46154e+06
1.0305e+06
1.89359e+06
1.13297e+06
1.29848e+06
1.10852e+06
1.23357e+06
1.40233e+06
1.38761e+06
2.00152e+06
1.51149e+06
1.57933e+06
1.10935e+06
1.40555e+06
1.31557e+06
1.64921e+06
2.20414e+06
937790
1.46509e+06
1.67433e+06
1.57995e+06
1.17243e+06
792241
1.41743e+06
1.17952e+06
1.55812e+06
2.34593e+06
1.76907e+06
1.4725e+06
1.17148e+06
1.1043e+06
1.83062e+06
2.15559e+06
1.56115e+06
1.84763e+06
1.40582e+06
2.32548e+06
1.53797e+06
1.08447e+06
1.86591e+06
1.32157e+06
1.52704e+06
1.86247e+06
1.54696e+06
1.77386e+06
1.46498e+06
1.41037e+06
1.22175e+06
1.53258e+06
1.9372e+06
1.46384e+06
1.52737e+06
1.57627e+06
1.16495e+06
1.08755e+06
2.09263e+06
1.15077e+06
1.46048e+06
1.45985e+06
1.96599e+06
906100
1.3348e+06
1.74202e+06
1.18774e+06
1.03806e+06
1.56356e+06
1.06713e+06
1.1027e+06
752196
920123
857731
840786
1.58995e+06
784465
1.31142e+06
1.69295e+06
1.14193e+06
1.5989e+06
871749
972007
1.1128e+06
1.43905e+06
1.18941e+06
1.31134e+06
1.04383e+06
1.10738e+06
900675
1.07258e+06
1.48801e+06
1.21485e+06
909186
1.02536e+06
1.3588e+06
1.13155e+06
648960
1.08967e+06
1.47456e+06
1.14098e+06
1.00125e+06
957499
997118
881324
1.2883e+06
1.04866e+06
1.31393e+06
1.07658e+06
1.8025e+06
811700
962839
1.02254e+06
1.24662e+06
883894
740730
911981
946940
762155
867980
877938
1.16754e+06
1.16933e+06
1.2035e+06
901067
817114
1.17592e+06
1.47041e+06
1.79557e+06
1.14063e+06
1.05311e+06
696394
1.22027e+06
843853
1.73601e+06
1.07519e+06
1.41152e+06
1.20993e+06
958058
808533
873154
713690
674739
843784
1.00467e+06
1.22065e+06
886549
710400
1.08546e+06
1.11771e+06
961077
1.01921e+06
906744
1.07834e+06
1.04667e+06
1.04396e+06
1.04435e+06
1.06253e+06
1.55024e+06
1.52627e+06
1.12669e+06
715819
1.15427e+06
1.40537e+06
1.3808e+06
984108
954547
1.18279e+06
1.34151e+06
1.30139e+06
658385
948529
952508
946594
1.49437e+06
1.71382e+06
1.30667e+06
1.00355e+06
751969
879078
1.41773e+06
1.7124e+06
994333
1.44158e+06
945610
1.71454e+06
1.34329e+06
1.10222e+06
927434
1.06045e+06
1.62367e+06
1.17889e+06
982938
1.31826e+06
1.10945e+06
1.10025e+06
1.00967e+06
1.20387e+06
1.4206e+06
1.11015e+06
1.29239e+06
950862
902051
1.29462e+06
1.21095e+06
1.05091e+06
1.10677e+06
1.25942e+06
1.32506e+06
856865
1.06377e+06
1.11997e+06
917181
885455
1.05812e+06
827266
853848
722968
765814
696497
838062
1.13191e+06
790417
1.17759e+06
1.39975e+06
830110
1.07195e+06
697190
878287
895427
1.03261e+06
1.05009e+06
1.00789e+06
914923
867274
890844
1.1963e+06
849283
892788
872499
880576
1.06393e+06
762109
639342
888706
1.18378e+06
938698
900974
848394
782787
955778
765226
1.09514e+06
1.0349e+06
1.02423e+06
976236
834504
702105
985857
1.05361e+06
570278
687036
711760
773062
578612
754328
805661
842507
962059
1.0685e+06
681046
770331
1.3481e+06
1.14244e+06
1.33565e+06
1.07777e+06
713776
793984
816791
770679
1.44813e+06
1.14443e+06
792364
1.02024e+06
697080
806652
592907
744188
647585
696227
903501
827076
698137
657382
870091
781835
1.09716e+06
702225
806012
809332
956187
917598
1.02794e+06
857183
979640
1.43976e+06
767035
638023
1.07509e+06
1.13443e+06
1.1722e+06
646045
799823
1.34076e+06
791262
958314
603912
825354
871035
1.04405e+06
1.06983e+06
1.44663e+06
925304
731919
739390
936195
1.29823e+06
958118
1.06499e+06
992724
772361
1.66883e+06
697598
1.06314e+06
844286
972631
1.25649e+06
1.01878e+06
955086
985186
975217
886948
965163
984415
1.24077e+06
829868
1.04478e+06
957298
821377
1.27025e+06
952659
935517
930403
1.30921e+06
729720
909562
1.03519e+06
915628
784101
857823
906062
738883
615797
827698
578270
770618
888428
754326
939356
893500
1.182e+06
942247
758575
788203
698961
1.17106e+06
599915
1.0435e+06
930446
725723
822056
736157
1.15802e+06
669514
758926
880881
909663
929262
556754
805402
1.05843e+06
798829
689040
928310
724257
661023
930307
734747
985716
829595
1.2081e+06
703429
775438
662166
902983
774433
607317
620685
601669
775588
531556
705117
919285
698654
1.04272e+06
717950
659050
760299
1.14201e+06
1.13332e+06
1.0876e+06
976735
681866
822122
753690
1.06249e+06
896317
1.14449e+06
958494
666133
636423
804274
576982
557315
597835
746540
956051
521373
670232
665094
952467
533019
1.03813e+06
714215
768961
655416
806935
886338
866669
1.19717e+06
912722
1.05116e+06
685380
905569
993744
804256
1.11916e+06
567898
1.00738e+06
931017
984900
647629
579695
863890
745387
1.02762e+06
1.25545e+06
1.00814e+06
810778
688697
685742
968290
1.17827e+06
874519
1.08832e+06
702519
1.33238e+06
909763
737974
1.07626e+06
832873
963328
1.12516e+06
899815
1.00622e+06
834822
835278
862304
858543
1.06569e+06
993700
979522
861419
773707
813710
1.27028e+06
693229
1.00053e+06
872486
1.11198e+06
645336
872937
1.09837e+06
768395
692593
965314
622702
698768
568391
712216
642769
649561
1.03135e+06
552463
941715
1.02256e+06
794379
1.00748e+06
605105
654106
776915
990714
863336
888836
653897
802796
685388
703950
970201
873252
693873
658065
965341
712140
503036
767014
970811
813160
726305
716289
761187
604203
861771
714831
883070
760316
1.11667e+06
613633
676745
712364
867727
534994
582495
607968
672560
519755
619150
640620
743259
836746
888636
660012
654987
883677
922162
1.34822e+06
754977
841694
621047
788454
613994
1.22567e+06
779158
914654
858236
670052
645915
660126
571168
492953
626897
661837
802932
566455
546247
783002
772962
773425
721301
684705
721507
814016
784988
674564
891731
1.00586e+06
1.11614e+06
862038
512410
837544
994087
956045
688302
632152
885440
940037
900070
543002
719582
673559
743975
1.04411e+06
1.18581e+06
919850
695081
579752
640296
943367
1.19742e+06
748490
902143
718854
1.24598e+06
957076
825565
782921
819498
1.10955e+06
834318
796792
840123
804167
841073
789506
810474
1.0795e+06
862244
971357
697478
707121
1.02112e+06
918215
815694
825385
903712
940806
726441
837270
876160
670285
686540
855633
625102
644774
613020
589720
646798
595684
922154
599000
942748
1.01724e+06
639880
874657
524265
676003
759616
783272
864215
829888
688426
714091
708219
864031
675530
690340
703240
684549
906805
545057
611913
628781
900210
744454
777041
684754
597716
862483
537461
888197
719962
908467
720102
640233
557651
759045
755103
469078
534263
595134
604048
436288
641248
668102
691664
754730
799209
617773
581256
1.04788e+06
868621
1.02195e+06
915013
603412
605722
657708
639753
1.19399e+06
882808
643893
832057
584440
665896
564193
602497
517313
548586
787800
539236
592214
568200
671083
659096
909046
566407
701885
649061
795484
709699
866037
914262
577525
1.20153e+06
624392
650276
865830
786888
935494
538660
626983
1.09106e+06
622328
803924
518746
717650
720262
849024
961139
1.01663e+06
743042
593614
644765
749713
1.12799e+06
721058
893878
772241
670521
1.28271e+06
609846
916347
746848
694423
1.05004e+06
826665
834740
784949
707568
728495
792290
811960
1.04697e+06
676251
888587
706936
703358
1.03556e+06
747347
782465
760027
1.08334e+06
572407
762356
861649
737652
621850
713192
761891
617818
532269
661533
497907
619624
731148
637306
770459
840656
850803
783436
623759
607843
590789
933824
496942
914155
751406
575118
681403
586161
880831
619805
592181
732408
693359
761591
486153
688956
821763
676730
604761
765332
622529
590808
704595
605457
779377
695777
1.06297e+06
473414
649227
507499
802659
519407
542809
542681
442313
608022
446554
613300
730805
568029
850931
585212
590921
629868
914689
894017
849765
913642
503240
703989
613867
860337
854216
888189
796152
589031
502937
707229
505269
489540
547681
595518
750072
447874
582178
563235
784293
527943
847721
598979
734738
533522
738644
630047
794857
978909
754170
897004
593375
765948
806928
764213
752344
544167
748963
839440
781313
563383
633435
656380
599444
892626
998104
914574
599058
571643
593393
811155
1.02357e+06
794849
856094
597858
1.09003e+06
845671
597474
924958
708410
785175
1.07714e+06
671722
784800
775400
642019
775026
686755
988015
809574
803036
663532
690683
726718
1.0279e+06
596621
862095
737217
960924
555120
744242
872080
694247
600076
795020
542161
594513
512399
594421
552096
562793
872375
455832
790698
963859
592992
866920
496951
550749
649780
804491
754831
800670
587583
638988
661725
663553
610008
764904
585491
550069
817229
611210
507990
655968
838348
658956
673739
641384
664261
504894
703771
680207
712813
675148
906454
551433
562279
643885
628171
454761
535936
495068
569718
439374
531753
568551
691846
653961
740696
595467
593426
731528
879259
965277
661681
732395
546851
674531
562104
1.08621e+06
713711
715939
761528
562029
544684
619985
552571
466482
533682
580281
651630
517644
500224
680483
674322
720761
649138
627507
654498
747440
680796
561500
797158
850232
966274
741719
521988
814678
804120
766477
607524
561009
764836
806349
818106
539253
658350
615393
630194
888777
1.11038e+06
711086
616815
533626
667888
909010
890573
735389
825770
696340
1.12217e+06
912755
866496
669168
734471
1.08356e+06
819362
739717
795153
797895
666880
772868
719456
1.01706e+06
807321
872767
668434
612146
1.0247e+06
708583
764161
765383
749357
846942
666922
813264
722034
700038
570336
774271
681977
474265
645556
512358
600731
568597
813815
525929
867398
929103
699296
645386
457751
636700
710554
640440
764833
779959
670145
656676
606883
693382
635434
673196
614864
703738
789396
546236
638448
549953
829217
683113
803714
642548
578091
708325
494689
826813
713548
854176
633041
609129
534169
648524
679131
467746
519802
506208
577740
390899
622528
617747
628748
694933
752506
563788
683906
831075
796549
890771
864484
606585
581013
660320
499656
1.15549e+06
828195
669844
743868
564582
633115
554055
599458
524284
575822
697786
520400
618611
490858
728794
643188
896893
583986
751359
662255
802899
652575
849799
797143
627604
1.09407e+06
616780
798909
774748
735861
900098
524224
747599
1.00069e+06
730323
791136
588914
764614
695337
767944
950009
940676
629329
632236
622993
761414
1.10655e+06
759561
877531
775949
940790
1.0963e+06
598914
1.05571e+06
733209
741771
1.07003e+06
815493
877901
711303
693095
755235
837310
920114
1.00191e+06
664057
861491
699043
721502
1.07438e+06
777920
927319
830674
956270
718055
784036
934215
781090
718585
703976
813486
665993
557218
771001
617814
657806
784482
705444
806478
1.08829e+06
692489
824003
632687
614161
663808
924413
551389
928336
752397
604920
738942
598429
822254
686844
603699
704717
737764
766603
594479
742928
823832
739146
613504
804021
649705
638975
695675
639298
858718
766793
1.18708e+06
633246
627760
603221
806996
622171
651084
646204
597906
539771
521703
780947
817902
724812
835159
637588
699730
775595
889948
1.0395e+06
891763
1.03444e+06
542990
942966
646369
1.09194e+06
1.03575e+06
946047
1.07597e+06
769622
550680
788534
581356
519406
643548
704221
945941
526092
699087
733831
1.01918e+06
644565
985464
752125
950027
674765
970845
766150
885692
1.01109e+06
892614
1.20039e+06
699504
1.04009e+06
1.0274e+06
1.05375e+06
917883
694435
968831
1.09986e+06
1.13429e+06
919011
863852
802292
730332
1.08581e+06
1.15943e+06
969648
829859
729857
800465
1.21213e+06
1.36735e+06
980951
1.07912e+06
842242
1.36107e+06
1.14682e+06
801418
1.13035e+06
939745
1.13105e+06
1.49086e+06
984263
1.09944e+06
1.03023e+06
798593
1.10627e+06
1.08607e+06
1.5479e+06
1.20592e+06
1.0349e+06
1.03911e+06
955267
1.29717e+06
1.16092e+06
833757
1.13417e+06
980748
1.24481e+06
891295
1.21194e+06
1.47322e+06
1.07892e+06
1.30657e+06
1.14807e+06
898211
1.13233e+06
839328
1.09073e+06
989290
856362
1.47599e+06
697967
1.21683e+06
1.41895e+06
1.20695e+06
1.13594e+06
870651
859554
960955
1.29696e+06
962336
1.28133e+06
918241
1.00583e+06
1.03104e+06
831593
919763
1.30239e+06
995322
1.18586e+06
1.34406e+06
971959
1.02064e+06
1.23031e+06
1.16312e+06
1.13684e+06
1.27529e+06
1.17876e+06
1.09848e+06
839600
936233
1.33826e+06
1.06497e+06
1.01766e+06
1.63372e+06
1.05655e+06
829542
1.00504e+06
1.00396e+06
802792
1.06681e+06
883603
833800
722996
784924
1.00388e+06
1.18151e+06
1.03362e+06
1.31499e+06
1.36801e+06
1.22158e+06
1.56549e+06
1.21701e+06
1.59624e+06
1.5435e+06
1.4421e+06
1.06379e+06
1.2814e+06
1.12958e+06
2.1078e+06
1.42154e+06
1.41659e+06
1.45782e+06
1.05699e+06
966195
1.31852e+06
1.15798e+06
777988
935617
1.02178e+06
1.21656e+06
1.05496e+06
1.14409e+06
1.68418e+06
1.66481e+06
1.53959e+06
1.4677e+06
1.6746e+06
1.52134e+06
2.1906e+06
1.87526e+06
1.47276e+06
1.75876e+06
1.93788e+06
1.87717e+06
2.30683e+06
1.6519e+06
2.05505e+06
2.14382e+06
2.68357e+06
1.66358e+06
1.22289e+06
2.44116e+06
2.27929e+06
2.22206e+06
1.8663e+06
2.32245e+06
1.57022e+06
2.13344e+06
2.52664e+06
2.46093e+06
2.13086e+06
2.10052e+06
1.60844e+06
2.41293e+06
3.17022e+06
2.51246e+06
2.80695e+06
2.87468e+06
2.58908e+06
3.06016e+06
2.68765e+06
2.68675e+06
1.91122e+06
2.06649e+06
2.98867e+06
2.53765e+06
2.3863e+06
2.10333e+06
2.43893e+06
2.27071e+06
2.91213e+06
3.05347e+06
3.9782e+06
2.20895e+06
3.24769e+06
2.30348e+06
2.71393e+06
4.07564e+06
2.95153e+06
3.02236e+06
2.55179e+06
2.77411e+06
3.85843e+06
2.91755e+06
3.24405e+06
3.94779e+06
3.50942e+06
2.05106e+06
3.80317e+06
3.48171e+06
2.53581e+06
3.25342e+06
2.66653e+06
3.50945e+06
3.43496e+06
4.06548e+06
2.48065e+06
4.84307e+06
4.02515e+06
3.65291e+06
4.23955e+06
2.19428e+06
2.62305e+06
3.70702e+06
3.81455e+06
4.30646e+06
5.67605e+06
5.06768e+06
5.29925e+06
5.19956e+06
4.35229e+06
4.44673e+06
6.05009e+06
3.42443e+06
5.42491e+06
5.20322e+06
3.86085e+06
4.32496e+06
5.61454e+06
6.35297e+06
5.37949e+06
6.67526e+06
4.80453e+06
3.96734e+06
4.3544e+06
5.20741e+06
6.51855e+06
4.50748e+06
5.74074e+06
6.08811e+06
3.61667e+06
5.2626e+06
5.68207e+06
6.24279e+06
6.45208e+06
5.82414e+06
2.87339e+06
5.86926e+06
3.09271e+06
4.77954e+06
5.51231e+06
4.67314e+06
4.66022e+06
6.30994e+06
5.83786e+06
4.66244e+06
6.14013e+06
7.12011e+06
7.89471e+06
7.73285e+06
7.14933e+06
7.09918e+06
5.45051e+06
6.44216e+06
1.01613e+07
8.09399e+06
6.85181e+06
6.37025e+06
8.85008e+06
7.19508e+06
7.86201e+06
8.36133e+06
4.70504e+06
6.86018e+06
7.28327e+06
6.19727e+06
9.03128e+06
4.86607e+06
9.80321e+06
6.31706e+06
7.71411e+06
9.35488e+06
9.35865e+06
5.76763e+06
1.146e+07
1.01728e+07
9.38053e+06
7.03015e+06
1.03507e+07
1.10113e+07
8.83928e+06
9.54624e+06
1.09548e+07
8.75604e+06
1.07945e+07
8.96546e+06
7.76527e+06
9.32395e+06
8.525e+06
1.01199e+07
9.12715e+06
9.35703e+06
7.88887e+06
1.04495e+07
1.26373e+07
8.52995e+06
9.43436e+06
9.40782e+06
7.62726e+06
1.1792e+07
1.2039e+07
1.07398e+07
1.05263e+07
9.882e+06
1.1753e+07
1.2922e+07
1.02167e+07
1.0379e+07
1.09908e+07
8.57068e+06
1.26368e+07
1.198e+07
1.15307e+07
1.17473e+07
6.62257e+06
5.87269e+06
1.07406e+07
6.69459e+06
6.51257e+06
4.48095e+06
4.52111e+06
3.57918e+06
3.63304e+06
5.42676e+06
4.45814e+06
5.50567e+06
3.94244e+06
5.28502e+06
4.07452e+06
4.64952e+06
4.70176e+06
4.07789e+06
3.84559e+06
4.59027e+06
4.13428e+06
2.85271e+06
3.27533e+06
3.86344e+06
3.32407e+06
3.96444e+06
3.90861e+06
3.64727e+06
4.64147e+06
4.67267e+06
4.31643e+06
3.91851e+06
4.11494e+06
3.26131e+06
4.01354e+06
3.95513e+06
3.91388e+06
4.85712e+06
4.20381e+06
4.13064e+06
4.04084e+06
2.74347e+06
4.39712e+06
3.92656e+06
3.63454e+06
3.77929e+06
4.34242e+06
3.65472e+06
3.60073e+06
3.75715e+06
3.83928e+06
4.71814e+06
3.76465e+06
4.85687e+06
3.37947e+06
3.01316e+06
3.52511e+06
3.6831e+06
4.33478e+06
2.74231e+06
5.89212e+06
2.45427e+06
2.92688e+06
3.15143e+06
3.41201e+06
3.3798e+06
3.55673e+06
2.43848e+06
2.66508e+06
3.26247e+06
2.45419e+06
3.25456e+06
4.43133e+06
2.74559e+06
3.1636e+06
3.26305e+06
3.43749e+06
4.24255e+06
4.62244e+06
4.17758e+06
3.54432e+06
3.06149e+06
2.62665e+06
3.70678e+06
2.78363e+06
3.6299e+06
3.69018e+06
3.68352e+06
3.35148e+06
2.60362e+06
1.98397e+06
3.9452e+06
3.64785e+06
2.12696e+06
2.71782e+06
3.59455e+06
2.82931e+06
2.74105e+06
2.56874e+06
3.18137e+06
3.87146e+06
2.48874e+06
3.22858e+06
3.38817e+06
3.30091e+06
2.89283e+06
3.95053e+06
3.11115e+06
2.43872e+06
3.85316e+06
2.73887e+06
4.9083e+06
2.61311e+06
3.45128e+06
3.52207e+06
4.0694e+06
4.26323e+06
2.9977e+06
2.78018e+06
3.57942e+06
3.92499e+06
3.35057e+06
2.77855e+06
2.56264e+06
3.06807e+06
3.87148e+06
4.28305e+06
4.3836e+06
2.99097e+06
2.70347e+06
2.91974e+06
3.98215e+06
4.7187e+06
3.75019e+06
3.49729e+06
3.74579e+06
5.19311e+06
4.06651e+06
2.49844e+06
4.14042e+06
2.99915e+06
4.04212e+06
4.19239e+06
3.57415e+06
3.19475e+06
3.63156e+06
3.47652e+06
3.67066e+06
3.78568e+06
3.42881e+06
3.65404e+06
3.8232e+06
3.36973e+06
3.32019e+06
3.89792e+06
3.87798e+06
4.13323e+06
4.6476e+06
2.60857e+06
5.06933e+06
4.18908e+06
3.91872e+06
3.47963e+06
3.09326e+06
4.38496e+06
3.98629e+06
2.49902e+06
3.49218e+06
2.37496e+06
2.7956e+06
3.1884e+06
2.96057e+06
4.46802e+06
2.98292e+06
3.79802e+06
3.94898e+06
3.94714e+06
3.57112e+06
2.95648e+06
3.1573e+06
3.41006e+06
3.84105e+06
3.33563e+06
4.60003e+06
3.26387e+06
4.0425e+06
3.12004e+06
3.77317e+06
2.70652e+06
4.17137e+06
2.46503e+06
3.37052e+06
4.08414e+06
3.12332e+06
2.92059e+06
3.16094e+06
3.70336e+06
3.70172e+06
3.4685e+06
3.62951e+06
3.16997e+06
2.23898e+06
3.64406e+06
3.68109e+06
3.5486e+06
2.97513e+06
4.25697e+06
2.24422e+06
2.94514e+06
3.43746e+06
3.08091e+06
2.50111e+06
2.96984e+06
2.20356e+06
2.74727e+06
2.61933e+06
2.67461e+06
3.44354e+06
3.22578e+06
2.59793e+06
3.14513e+06
2.92416e+06
3.20903e+06
4.65734e+06
3.60819e+06
3.70658e+06
2.78295e+06
2.41169e+06
2.71254e+06
3.02748e+06
2.27474e+06
3.63684e+06
3.39356e+06
2.66429e+06
2.84905e+06
2.39243e+06
2.56493e+06
2.5664e+06
3.42285e+06
1.87051e+06
2.73155e+06
2.82476e+06
2.69801e+06
2.84043e+06
2.05291e+06
3.59657e+06
2.44633e+06
3.13423e+06
2.61225e+06
3.09545e+06
2.52791e+06
3.74085e+06
3.32442e+06
2.61344e+06
2.02387e+06
3.07281e+06
3.56215e+06
3.79273e+06
2.33147e+06
3.22176e+06
3.63863e+06
4.45789e+06
3.04889e+06
2.23065e+06
3.60511e+06
2.95039e+06
3.60882e+06
2.70426e+06
2.41077e+06
2.47872e+06
3.3694e+06
3.44831e+06
4.60523e+06
2.92948e+06
3.04564e+06
2.24859e+06
3.02978e+06
3.9275e+06
4.04608e+06
3.64416e+06
2.84656e+06
3.97751e+06
4.52447e+06
2.9098e+06
3.5545e+06
3.27384e+06
2.85604e+06
3.66351e+06
3.89154e+06
3.20946e+06
2.77608e+06
3.57493e+06
3.19533e+06
3.01395e+06
3.65399e+06
3.39994e+06
3.22486e+06
4.47055e+06
2.71668e+06
2.83253e+06
4.3409e+06
3.12674e+06
4.66749e+06
2.69494e+06
4.52981e+06
3.11819e+06
4.08038e+06
3.75703e+06
3.38165e+06
3.09096e+06
3.71022e+06
3.80077e+06
2.74521e+06
2.42605e+06
2.57175e+06
1.93695e+06
3.6912e+06
3.51827e+06
2.92372e+06
2.78565e+06
4.03568e+06
3.61331e+06
3.39663e+06
3.51881e+06
2.36706e+06
3.41662e+06
3.65161e+06
2.52302e+06
3.63361e+06
4.01513e+06
3.56516e+06
3.64394e+06
2.4455e+06
3.55156e+06
2.84404e+06
3.05495e+06
2.61863e+06
4.03189e+06
3.46783e+06
2.89749e+06
2.8952e+06
3.03623e+06
3.20625e+06
2.98318e+06
3.42249e+06
3.21913e+06
2.76e+06
2.78441e+06
2.81312e+06
3.82499e+06
2.73419e+06
3.7364e+06
2.76545e+06
2.2545e+06
3.13482e+06
2.7996e+06
3.21542e+06
2.23673e+06
2.56602e+06
1.9058e+06
3.32869e+06
2.02474e+06
2.41438e+06
3.54771e+06
2.61243e+06
2.73767e+06
2.91586e+06
2.89636e+06
2.96747e+06
4.10167e+06
3.23262e+06
3.59473e+06
2.47166e+06
2.38131e+06
2.59421e+06
2.65917e+06
2.81384e+06
2.54805e+06
3.16317e+06
2.20488e+06
2.41793e+06
2.38048e+06
2.66536e+06
2.04333e+06
3.02018e+06
1.72245e+06
2.85517e+06
3.06741e+06
1.86512e+06
2.58079e+06
2.53907e+06
2.88984e+06
1.81801e+06
3.12128e+06
2.35809e+06
3.12049e+06
1.88547e+06
3.31159e+06
2.88605e+06
2.52268e+06
2.92452e+06
2.04474e+06
4.38069e+06
2.04504e+06
3.06182e+06
2.83591e+06
3.07822e+06
4.61239e+06
2.07355e+06
2.38866e+06
3.54348e+06
2.62301e+06
3.19554e+06
2.51887e+06
2.28285e+06
2.37294e+06
2.91744e+06
3.51489e+06
3.97327e+06
3.21993e+06
2.33826e+06
2.16031e+06
2.66263e+06
3.80561e+06
3.45603e+06
3.17589e+06
2.84231e+06
4.93665e+06
3.17582e+06
2.11444e+06
3.66466e+06
2.70614e+06
3.45202e+06
2.94453e+06
3.37601e+06
3.50597e+06
2.45951e+06
3.19221e+06
2.26569e+06
3.75798e+06
2.79082e+06
3.4108e+06
3.57787e+06
3.40112e+06
2.32061e+06
2.84315e+06
3.69329e+06
3.20423e+06
4.02799e+06
3.00664e+06
4.37986e+06
2.55309e+06
3.93969e+06
3.29013e+06
2.74532e+06
3.28818e+06
3.39374e+06
3.15745e+06
2.33204e+06
2.47776e+06
2.36422e+06
2.71614e+06
2.51157e+06
2.86561e+06
2.86619e+06
3.49226e+06
3.282e+06
2.88136e+06
3.55088e+06
2.50649e+06
2.79801e+06
2.80665e+06
3.10736e+06
2.77669e+06
4.15781e+06
2.83357e+06
3.45356e+06
2.86067e+06
2.30348e+06
3.55999e+06
2.94098e+06
2.33735e+06
3.03384e+06
3.60331e+06
2.55717e+06
2.91934e+06
2.54327e+06
3.3957e+06
2.75517e+06
2.78582e+06
3.13795e+06
2.58914e+06
2.17664e+06
3.00722e+06
2.75389e+06
3.3065e+06
2.04798e+06
4.6469e+06
1.60539e+06
2.57004e+06
2.86803e+06
2.57047e+06
2.49854e+06
2.69244e+06
1.88987e+06
2.32404e+06
2.53795e+06
1.99278e+06
2.43734e+06
3.32502e+06
2.23226e+06
2.4673e+06
2.70791e+06
2.58687e+06
3.30702e+06
3.63177e+06
3.4555e+06
2.5506e+06
2.20944e+06
1.7258e+06
3.01984e+06
2.04742e+06
3.01732e+06
2.36516e+06
2.56792e+06
2.54296e+06
1.96508e+06
1.58448e+06
2.51579e+06
2.73189e+06
1.67477e+06
2.10422e+06
2.70406e+06
2.45803e+06
2.14067e+06
1.88125e+06
2.79982e+06
2.45912e+06
1.89023e+06
2.58482e+06
2.38764e+06
2.49521e+06
2.1651e+06
3.0652e+06
2.58691e+06
1.93168e+06
2.77834e+06
2.38394e+06
3.57318e+06
2.03461e+06
2.78461e+06
2.84905e+06
3.02201e+06
3.58552e+06
2.13917e+06
2.36427e+06
2.77545e+06
3.22331e+06
2.41243e+06
2.06708e+06
1.98183e+06
2.53543e+06
2.68455e+06
3.56982e+06
3.57626e+06
2.23272e+06
2.17273e+06
1.92305e+06
3.06932e+06
4.01841e+06
2.63999e+06
2.63618e+06
2.89879e+06
4.5021e+06
2.84724e+06
1.79485e+06
3.28864e+06
2.5514e+06
3.6613e+06
2.91666e+06
2.78767e+06
2.53125e+06
2.82583e+06
2.6268e+06
2.6822e+06
3.16145e+06
3.00727e+06
2.69465e+06
3.20585e+06
2.79538e+06
2.45647e+06
3.18601e+06
2.8407e+06
3.0857e+06
3.93536e+06
2.40997e+06
3.7332e+06
3.20051e+06
3.11042e+06
2.83405e+06
2.65455e+06
3.36304e+06
3.16616e+06
2.21839e+06
2.56839e+06
1.97042e+06
1.95741e+06
2.53184e+06
2.59698e+06
3.1312e+06
2.48917e+06
2.91437e+06
2.6773e+06
3.14604e+06
2.99027e+06
2.06993e+06
2.69073e+06
2.74298e+06
2.77546e+06
2.91477e+06
3.49408e+06
2.54441e+06
3.22612e+06
2.82043e+06
2.83582e+06
2.22361e+06
3.20395e+06
1.82971e+06
3.23497e+06
2.99737e+06
2.74237e+06
2.0444e+06
2.42968e+06
2.87093e+06
2.83534e+06
2.75839e+06
2.62048e+06
2.59087e+06
1.74183e+06
3.13389e+06
2.7588e+06
2.72822e+06
2.50273e+06
3.0727e+06
1.77484e+06
2.46494e+06
2.89379e+06
2.70207e+06
1.9716e+06
2.14076e+06
1.91415e+06
2.31598e+06
2.06496e+06
2.109e+06
2.54822e+06
2.61696e+06
2.04703e+06
2.44088e+06
2.24391e+06
2.83444e+06
3.62642e+06
2.91113e+06
2.96915e+06
2.23549e+06
1.77612e+06
2.09645e+06
2.39763e+06
1.69762e+06
2.90277e+06
2.76444e+06
1.81842e+06
2.18839e+06
1.90164e+06
1.93794e+06
1.62327e+06
2.80544e+06
1.56391e+06
1.95404e+06
2.26908e+06
2.29628e+06
1.99575e+06
1.75712e+06
2.92141e+06
1.72921e+06
2.32534e+06
2.02127e+06
2.42163e+06
1.72839e+06
2.81291e+06
2.75959e+06
1.98078e+06
1.96727e+06
1.98378e+06
2.90434e+06
2.78538e+06
2.04304e+06
2.45687e+06
2.93388e+06
3.46738e+06
2.3345e+06
1.7396e+06
3.0347e+06
2.15408e+06
2.68803e+06
2.15402e+06
1.87686e+06
1.94761e+06
2.69991e+06
2.43795e+06
3.79135e+06
2.10373e+06
2.55959e+06
1.8339e+06
2.09159e+06
3.20535e+06
2.83085e+06
2.63138e+06
2.50052e+06
2.79039e+06
3.83167e+06
2.13672e+06
2.84347e+06
2.65486e+06
2.29778e+06
3.08202e+06
2.91499e+06
2.44201e+06
2.18853e+06
2.98301e+06
2.22455e+06
2.27432e+06
2.73684e+06
2.7694e+06
2.77133e+06
3.42617e+06
2.17103e+06
2.20901e+06
3.3441e+06
2.51234e+06
3.36658e+06
2.45696e+06
3.63782e+06
2.26503e+06
3.08538e+06
2.89466e+06
2.51061e+06
2.77837e+06
2.77514e+06
2.81911e+06
2.14149e+06
1.93526e+06
1.87808e+06
1.66865e+06
2.76676e+06
2.66007e+06
2.23928e+06
2.4493e+06
2.8067e+06
2.47872e+06
2.77786e+06
2.61642e+06
1.96352e+06
2.6007e+06
2.87938e+06
2.23593e+06
2.69248e+06
3.43485e+06
2.43705e+06
2.77239e+06
1.91973e+06
2.89182e+06
2.22989e+06
2.32577e+06
2.31582e+06
3.10526e+06
2.53225e+06
2.3345e+06
2.27885e+06
2.66305e+06
2.19715e+06
2.1893e+06
2.67654e+06
2.37488e+06
2.18859e+06
2.28947e+06
2.21779e+06
3.00662e+06
2.12686e+06
2.97814e+06
1.84661e+06
1.92081e+06
2.67143e+06
2.43581e+06
2.33346e+06
2.05576e+06
1.72927e+06
1.74997e+06
2.53682e+06
1.76624e+06
1.75874e+06
2.85839e+06
1.94487e+06
2.15973e+06
2.17073e+06
2.37606e+06
2.38486e+06
3.43813e+06
2.57126e+06
2.60545e+06
1.86205e+06
1.68574e+06
2.14503e+06
2.08997e+06
2.271e+06
2.02756e+06
2.3262e+06
1.53882e+06
1.90752e+06
1.88311e+06
1.81768e+06
2.00818e+06
1.92481e+06
1.28281e+06
2.21344e+06
2.51304e+06
1.47811e+06
1.98269e+06
1.92735e+06
2.216e+06
1.53482e+06
2.44581e+06
1.85626e+06
2.18696e+06
1.55109e+06
2.39108e+06
2.26458e+06
1.94241e+06
2.30732e+06
1.60666e+06
3.25798e+06
1.63102e+06
2.60181e+06
2.11774e+06
2.33699e+06
3.641e+06
1.63871e+06
1.87523e+06
2.77511e+06
2.00317e+06
2.5451e+06
1.7788e+06
1.7442e+06
1.96788e+06
2.13496e+06
2.7209e+06
3.13539e+06
2.35435e+06
1.88924e+06
1.63203e+06
2.16929e+06
2.64027e+06
2.7806e+06
2.28603e+06
2.17462e+06
3.89715e+06
2.47485e+06
1.71757e+06
2.96521e+06
2.0432e+06
2.80269e+06
2.61344e+06
2.32681e+06
2.73363e+06
2.03219e+06
2.44729e+06
1.56953e+06
2.9245e+06
2.04827e+06
2.69262e+06
2.8919e+06
2.6139e+06
1.73156e+06
2.22112e+06
3.05611e+06
2.61482e+06
2.84461e+06
2.20357e+06
3.44134e+06
1.99328e+06
2.77071e+06
2.70825e+06
2.05461e+06
2.56097e+06
2.78592e+06
2.33382e+06
2.01048e+06
1.59511e+06
1.80543e+06
2.07079e+06
2.00943e+06
2.60925e+06
1.82378e+06
2.61288e+06
2.20881e+06
2.23373e+06
2.73336e+06
1.91409e+06
2.23243e+06
2.25163e+06
2.4476e+06
2.36869e+06
2.93577e+06
2.18882e+06
2.752e+06
2.12352e+06
1.88006e+06
2.79251e+06
2.31083e+06
1.60576e+06
2.8034e+06
2.45761e+06
2.06181e+06
2.18129e+06
2.04092e+06
2.58258e+06
2.12329e+06
1.88987e+06
2.40169e+06
2.24049e+06
1.60758e+06
2.27374e+06
2.37038e+06
2.67623e+06
1.51171e+06
3.29e+06
1.35431e+06
2.057e+06
2.38001e+06
2.13095e+06
1.85205e+06
2.14327e+06
1.66378e+06
1.71586e+06
2.07841e+06
1.56781e+06
2.02504e+06
2.29264e+06
1.86456e+06
1.93058e+06
2.07172e+06
2.04369e+06
2.82665e+06
2.48753e+06
2.77106e+06
2.13198e+06
1.54916e+06
1.17606e+06
2.47266e+06
1.47892e+06
2.5485e+06
1.7142e+06
1.9273e+06
1.88763e+06
1.67104e+06
1.19026e+06
1.8971e+06
2.08371e+06
1.36679e+06
1.53014e+06
1.99755e+06
1.97412e+06
1.60891e+06
1.51002e+06
2.11887e+06
1.9436e+06
1.79053e+06
1.7914e+06
1.77986e+06
1.8985e+06
1.86718e+06
2.3818e+06
1.94859e+06
1.39397e+06
1.98729e+06
2.28303e+06
2.54888e+06
1.49302e+06
2.26699e+06
2.28797e+06
2.05227e+06
2.95719e+06
1.58752e+06
2.01779e+06
2.16472e+06
2.41628e+06
1.69466e+06
1.68897e+06
1.53397e+06
1.77365e+06
2.08343e+06
2.87233e+06
2.66708e+06
1.85754e+06
1.70038e+06
1.26676e+06
2.46422e+06
2.85626e+06
2.09788e+06
1.9277e+06
2.29197e+06
3.74425e+06
1.98237e+06
1.65145e+06
2.33717e+06
2.07347e+06
3.08848e+06
2.20445e+06
2.11906e+06
1.92738e+06
2.16083e+06
2.089e+06
1.92591e+06
2.43147e+06
2.30288e+06
2.07258e+06
2.76964e+06
1.85947e+06
1.81889e+06
2.64953e+06
2.1698e+06
2.29983e+06
2.96148e+06
1.8346e+06
2.88993e+06
2.30905e+06
2.20673e+06
2.42011e+06
2.09317e+06
2.41276e+06
2.35001e+06
1.78406e+06
1.8851e+06
1.53105e+06
1.49363e+06
1.95212e+06
2.06454e+06
2.27338e+06
1.85724e+06
2.41744e+06
2.0935e+06
2.02882e+06
2.3274e+06
1.5829e+06
2.05501e+06
2.28013e+06
2.06331e+06
2.41103e+06
2.47836e+06
1.97147e+06
2.40243e+06
2.23346e+06
2.24689e+06
1.61472e+06
2.42256e+06
1.56558e+06
2.45013e+06
2.22829e+06
2.09567e+06
1.5701e+06
1.99621e+06
2.13366e+06
2.07138e+06
2.10764e+06
2.0476e+06
1.95203e+06
1.58697e+06
2.15528e+06
2.18235e+06
2.26553e+06
1.71874e+06
2.3535e+06
1.41147e+06
2.07712e+06
2.33396e+06
2.12055e+06
1.50401e+06
1.72627e+06
1.51355e+06
1.81271e+06
1.71208e+06
1.54979e+06
1.94825e+06
1.95758e+06
1.637e+06
1.92961e+06
1.66956e+06
2.36126e+06
2.77335e+06
2.12055e+06
2.51875e+06
1.62742e+06
1.21921e+06
1.62873e+06
1.98106e+06
1.23573e+06
2.29178e+06
2.15172e+06
1.33733e+06
1.74247e+06
1.48191e+06
1.44911e+06
1.33605e+06
2.03852e+06
1.23522e+06
1.49354e+06
1.73759e+06
