732004
732742
721451
731830
717997
716884
731038
722236
721364
721760
722264
708657
735032
709630
720271
720997
732836
728621
719781
727674
714583
721198
700514
730667
729529
719175
727631
728224
721187
720784
733552
721704
727243
736311
731939
737382
723065
731748
724291
731292
729541
732742
728969
723437
734854
735327
732937
731700
723030
701101
714480
730230
731722
728618
723928
718220
725378
719033
728356
730083
686986
735062
735513
729285
721454
731185
720272
693722
714666
736862
731561
728231
735992
712665
725467
724034
735552
729315
729658
727925
720070
729919
720233
724732
722100
712810
721603
722286
734723
733685
727106
720727
730887
707380
733957
728469
723830
713296
725812
711075
726235
728601
691755
720380
719256
716833
698933
694878
680919
725411
719583
728810
724882
720688
722201
725960
719129
699044
711649
706485
705853
717749
715620
720224
717661
721102
712378
716762
705010
727207
726350
718835
694955
709066
724486
715291
698834
707969
687146
721068
718398
722186
718192
710155
714930
715876
718526
727650
726526
725527
709104
727467
732822
720048
717524
718383
716862
719765
730007
710016
716144
728934
730788
724174
723949
726909
711136
724206
700978
730328
725039
715576
730334
731388
718681
722696
725884
716372
739663
737417
727882
736325
724125
719770
734935
728388
729346
737282
717280
731570
735312
729261
736409
725292
715095
696383
730222
727108
732553
731971
711848
729463
714595
720807
732947
699833
719127
735610
735218
717893
731402
722901
720704
694012
716931
741246
727377
731910
723867
719129
721055
731319
729721
728689
732409
714172
734726
722984
724794
715455
725648
707812
728149
724467
733372
728716
730377
723023
725986
710656
728776
728609
720837
717552
704410
724473
731876
728801
681192
726365
718379
710909
679960
705225
693327
725677
723059
725269
718783
724973
720501
727605
722393
697616
707018
683479
726636
713050
725665
716886
712774
715943
713951
724352
707312
721920
726310
691005
704843
725590
722010
691804
721508
691558
700015
723595
719529
718525
715215
710438
716148
714211
724715
723195
726507
721343
716736
727343
727629
715923
723663
719180
712548
722643
727794
709100
718703
731539
726645
718884
728543
710243
723769
703161
723276
728930
724757
716382
726730
725524
720242
727704
724723
722008
738927
727369
736163
725629
731018
719415
735061
723926
734315
729682
722544
728700
739434
727649
730510
727196
711582
699816
729926
729062
725772
726025
717902
721363
717355
726739
735397
698602
716259
735742
730804
720850
729277
720699
721129
693676
722040
737032
727420
731698
725606
717977
712521
737688
726792
731325
726888
718887
727241
722114
720156
724844
708065
722748
721638
733597
730501
728550
726556
723286
705952
730766
727635
729520
708021
725440
707752
725438
727652
695030
719672
717215
726473
701464
678340
687957
718928
721291
725692
720604
719832
724592
719367
727037
723457
681254
703629
702083
726883
710904
722515
720708
714657
710813
711294
706535
729324
721082
724650
688311
706852
721465
723393
693139
722665
671152
720003
711795
725542
715640
719258
704947
716431
713711
731055
720705
729881
716447
715711
729845
719025
721294
721954
719884
707524
732181
709582
718392
720300
731004
727960
717571
725587
713538
719912
699736
728643
729385
717305
725660
726902
720326
718881
732143
721037
725222
734478
730733
736038
721610
718606
734587
728238
729342
730412
728202
721485
732512
735318
730239
730538
721699
700792
712522
728122
731241
726840
720098
719294
722687
717904
727864
728952
686015
733301
732528
728043
721086
729335
719123
692066
712627
735556
728720
728722
733854
711152
723960
722881
733375
728751
727482
726033
719199
728128
719274
722361
721459
711474
719881
720200
734782
730829
725406
719934
728750
706832
733000
726084
722716
712451
723572
710605
723003
727423
687618
722674
718722
715070
696666
694290
678411
725891
718399
727268
714617
728415
720734
722615
719564
697127
710659
704717
703475
717848
712527
719695
717048
718238
712285
714132
705236
722654
728218
717521
687872
710769
724777
715402
696419
706017
686429
718740
716690
720659
717246
710600
710185
709431
725307
726105
722484
720073
714445
725794
732365
717270
716250
718102
714170
717238
728972
710065
713448
729278
728311
721761
724020
723997
711195
723231
698848
727584
725684
713490
729214
730142
716587
721829
723738
716145
738126
734638
727272
725712
730070
719947
733285
725304
729364
735523
716257
729478
733403
728747
735029
723100
713764
695296
729116
725921
730410
728596
712530
726419
715366
717556
732734
698634
715165
736469
733855
716338
729448
721834
718639
692074
716786
737960
724277
732865
722842
717961
717236
731975
728118
726078
731112
713237
731509
722066
720873
715367
708896
724002
727486
722689
731566
725425
730376
720294
724208
711582
724936
728856
720210
715212
704312
721681
730786
706478
700898
724553
717619
704256
684038
680349
716567
723717
720494
724558
716114
725313
719294
726362
720211
696566
704102
683359
724522
711558
726071
715204
711488
712923
712847
700658
729127
719953
724840
690668
700414
727521
720540
690254
716961
689795
702123
722035
718617
716557
714458
702646
721306
704648
731518
719363
726241
719516
716275
726302
726149
713203
723761
713519
715267
722264
725092
708597
717036
728809
725584
717121
727528
709276
721043
702326
722532
727300
722992
716604
724564
723720
719057
726074
723527
719746
738892
724666
735080
724526
727275
720509
732370
723338
730255
730656
720271
727440
738080
726726
728764
723142
711221
699413
726899
729963
723789
725586
714832
719393
717120
726045
734101
696656
714234
732993
730838
720105
725829
717032
723276
692264
719686
734532
727108
730315
724198
716608
711817
735193
725669
730240
725469
715886
726863
720609
718483
723312
706169
720782
722017
730180
730122
726704
722891
723069
704346
731296
726136
727645
707020
723653
705986
724880
725908
693427
717028
717725
723241
700978
677651
681714
721393
717188
728238
719209
717363
725146
716753
725296
719226
680460
704541
702503
725027
710088
720730
718784
712293
705520
713697
706261
726332
721643
715355
694641
706008
720826
717948
693304
716746
675174
719268
710632
722216
716209
718000
702667
714398
714236
727996
720695
727271
702988
727086
728091
717839
718743
721802
709271
715534
730735
705346
716448
722978
725442
728503
715200
726637
708602
722247
698148
727431
727277
711621
729514
723937
718760
718399
724887
725540
722702
734252
727984
736015
719713
716858
731903
728583
727342
728744
721216
725670
731031
733565
727884
730309
717905
699519
712284
722752
732687
727102
719096
717836
721491
715783
724041
729984
684721
731550
731019
726890
719030
725891
719937
686853
715826
733673
727330
726793
731896
708673
723561
722021
730976
726444
727246
724620
718012
723311
720356
718607
722882
708203
719724
718600
734197
728722
723631
718777
725748
707414
730813
725896
720869
711070
709815
720208
721761
726936
682469
722769
719467
714541
694981
685296
684666
724605
715634
727038
713460
727058
717406
720882
720343
694844
710259
700798
705838
704337
722340
718606
715390
715492
706942
718632
703832
720660
725989
717146
687168
707807
719786
690576
723296
684113
706426
714569
716792
717378
712731
715341
709032
707589
721232
727264
720966
718218
714215
723072
729790
711819
720326
716207
713594
716340
727004
708590
711820
726990
726957
720876
723388
719600
711855
719680
699748
724896
725801
709873
726859
724311
721180
720027
724514
714350
736721
731845
727037
723964
729627
718229
731717
724029
727520
733548
714528
728164
732629
726928
733170
721925
709120
696284
728750
722932
730413
726527
709068
727310
714156
715262
732530
696405
714140
735134
730472
715892
728802
720001
717920
688402
717422
735716
721901
731543
721751
717249
711582
734136
726352
723732
727503
714850
729491
718211
721165
715325
706876
723747
723342
723531
729405
723843
730146
717230
721982
711406
723874
726825
706865
726790
702580
720123
725751
696304
712948
719349
719344
702174
681664
681064
716220
719366
721217
723170
714973
723850
717263
724224
719564
696008
701987
681282
724050
709596
725922
712886
710569
712257
703366
706264
727368
718131
725379
686337
701956
725406
716788
691359
717029
687292
699957
717554
719474
711741
716401
703056
719331
704174
729291
718274
724944
714858
718367
724876
717027
719216
722404
712730
713780
720081
724239
705089
715561
728699
723046
717442
725843
706630
720828
700468
719863
728600
721351
714897
722984
721988
717353
726198
720920
719466
736095
723840
733305
722384
725225
720227
731037
721405
729194
728145
719561
725998
736412
724684
728216
718992
711859
697976
725288
729180
723240
723909
712411
717713
717291
723280
732950
689855
718968
731292
729441
716754
725844
714810
691539
719030
721287
731320
726019
729201
723114
714298
711242
733095
724160
728849
723640
714554
725030
719280
717821
721681
704494
719739
721086
727263
729903
725163
717743
724229
703287
730939
724233
724251
707274
722349
705103
722761
723641
692032
717445
715382
716720
701412
680508
680286
718298
716258
728387
716800
715702
724891
715529
718316
722691
677952
703419
702508
722029
708739
720703
706283
722978
702597
713681
704585
720170
724235
713701
692555
706885
718021
717732
692404
713578
675728
717359
708323
719261
716856
711397
706996
711668
713239
724420
722658
725749
700766
726789
725603
716558
717226
720596
708678
712826
729054
704481
715506
721824
724256
724201
716462
725655
704910
723164
695633
725185
726516
710474
726994
724276
715191
718987
723500
724566
721212
732134
726880
734247
717550
713530
733320
722722
729260
727550
720507
724148
728221
731327
728300
723889
708059
711151
707464
723807
732000
724409
719026
716474
720114
713878
723657
698297
713088
729631
730668
724702
717667
724584
718673
684510
713259
732594
725336
724922
728088
710413
722440
720793
728694
723918
727328
723102
716500
720609
720684
716718
720736
707223
719882
716267
732119
727464
722811
716609
724195
705877
729811
724192
717489
711493
707516
720068
720217
723405
681243
722802
719106
707660
697667
686357
682469
722875
715094
725372
711672
720860
721443
719453
718319
693329
708850
681279
720438
706198
720394
716427
711940
717274
702880
717714
703140
717953
726300
715767
686211
706444
719680
687664
723722
682928
694650
721195
716490
716332
709254
716852
707472
705972
719769
726239
718900
716278
711315
724154
727980
710960
717973
713396
712107
717767
725703
706483
710937
725446
723708
718794
723472
708132
719685
714643
702787
724669
723874
708902
724630
721081
718748
721185
722109
714794
734774
730774
725157
722778
726659
714726
734280
721898
724346
733649
712027
727042
731895
724267
729353
722880
708097
694416
728719
721196
728148
721117
712172
726084
712266
713990
731610
693519
712320
734240
728966
713993
729456
717463
710916
689686
719023
733497
720588
728452
721833
716235
709676
732556
725265
722037
726328
713548
727528
716158
717007
717412
705589
718982
725961
721592
726766
723358
725719
718392
720098
707276
724672
725044
706138
726728
697475
721884
722396
694899
713529
716295
719777
701068
679881
680384
712692
718558
721826
719819
714485
723186
712319
725784
715572
697600
699150
681326
720377
710153
725447
708771
710359
712152
702485
704762
725372
717472
723020
684702
701616
723852
715544
690163
715170
687010
697683
716380
716584
711497
713843
703186
716420
704052
728634
716270
724257
713193
716796
720005
718786
717960
720995
710867
713006
718976
721853
702305
715351
727281
721605
716699
719650
710091
718809
697951
719988
724986
722292
712807
723073
720149
715435
724900
715907
721432
735114
722241
732274
719645
724069
719054
728638
719890
728361
725888
718195
724628
731959
726613
727078
717296
709328
698316
723105
726908
722519
720442
712784
717461
714908
722344
730805
689553
716760
730474
727632
714730
722730
715152
687637
719182
721181
725248
722255
732662
722461
713724
708993
731892
722975
723041
726664
712239
723185
718094
716575
720262
703130
717495
720410
726552
727950
724203
712510
725779
702151
727162
724854
717894
707863
723943
703513
721916
721171
687993
717746
715487
715530
700249
679618
678326
717496
715213
726944
714805
714417
720802
717289
714858
722231
678233
700938
702061
716228
706953
723943
703656
717158
705590
714192
701825
719671
722734
711983
690763
706467
716526
716812
689814
712119
675280
716378
707390
717181
715972
705468
709148
710640
712012
723317
721592
721967
700786
723969
725864
715056
713256
716430
709345
713827
728836
702736
714743
718336
723687
722182
715506
723426
705128
722047
693070
724715
725708
709260
724996
722381
714749
716768
722272
722654
720944
730031
722426
735096
716330
711921
732191
721432
726508
727317
715932
725569
725442
729722
727646
720657
708836
695628
720437
720964
731262
722865
717882
714614
716356
714693
721943
698254
711053
727531
730013
722618
717149
722629
717764
680416
713786
731907
722021
724924
724478
710637
720331
720261
726265
723094
724803
708529
729652
717958
719574
715400
717790
706275
719077
716250
729573
726686
720488
715883
721361
705620
728645
720104
719160
708916
706888
718726
718200
721956
679033
720792
715290
704927
701353
673167
690274
723124
716385
722902
710864
719220
720340
717050
716072
693649
708005
678644
718008
706704
719302
713125
712465
715893
699430
717994
701150
716474
724010
695918
706319
703578
718932
687330
717690
683915
695296
718695
715959
712529
709739
709844
709766
704096
719434
720378
720905
716819
710446
722970
727187
709130
715601
711932
710392
717706
724959
703705
710716
723963
720773
717828
722907
706422
718027
696742
718418
723213
720109
709719
721860
720492
715055
721138
722086
714170
732895
726497
726114
721173
725591
713419
732777
720007
722828
731985
710570
724004
731868
722749
726901
722437
705604
693789
726185
721810
725897
719403
711172
717935
718142
711921
729454
692860
711589
732837
723588
716116
723385
718908
710560
688097
718084
730808
719047
727832
720155
715082
706434
732022
724212
721238
721581
713495
726729
714605
716319
715413
704220
718149
723764
721457
724993
720712
725549
713583
713702
713900
722115
724479
705469
724950
696442
719926
721197
691350
714447
714752
718261
695711
682240
679204
711712
715715
720914
718333
713857
720697
712189
723525
714326
697585
697118
678395
720626
709696
722937
708324
708694
710220
702109
703324
723952
715925
720647
684953
699082
722356
714268
689572
714598
683985
696173
716100
713903
711941
712512
701414
714175
702583
727048
715553
723256
710560
716118
719523
716678
716614
713855
716012
709436
719372
720631
698260
716156
721767
724902
712544
719764
708039
716618
695323
721579
724058
721550
711586
720541
717636
715521
722775
715360
720052
732614
721508
730654
718007
721587
718300
726480
719665
726110
721030
720580
723245
729685
725862
725535
715230
708254
696900
721075
726675
720609
718764
711371
716242
714261
720356
725786
686970
719660
729928
725857
709521
724353
713793
686322
717285
719818
724182
721088
730630
720985
711905
707648
728369
723158
721916
719958
715386
721920
714056
717481
719066
702076
716719
717996
724847
726463
722794
711388
725205
700112
726057
723150
715798
706840
722461
700768
721412
719689
686486
716812
713381
711374
703153
677922
677885
715616
712847
724994
715700
713006
718788
716101
712558
694959
703612
700294
699442
714931
706331
722957
701988
715272
704513
713065
699608
719098
721696
709435
690231
705657
713948
715927
689216
709745
670081
714175
709489
718027
714006
703978
707649
707860
712265
722606
719534
719581
699971
721859
725739
713351
712010
714363
708586
711995
728760
700809
712128
717475
722799
718881
716449
720724
704257
721033
691807
723906
724202
702940
726442
721736
714511
713562
721923
710289
731054
728360
720559
731387
716703
711522
730720
719719
724144
726303
714883
723609
724308
726658
727189
719006
707827
694177
718779
720236
730060
720283
717396
712387
716651
707652
724727
696873
708286
727701
728897
715142
721013
720640
714399
681164
711492
730925
720626
724003
720114
712189
718640
718470
721834
724785
722470
707312
728387
716593
718756
710413
719430
701436
719300
715690
728206
725347
719132
715436
720024
703483
726276
718460
716345
708982
697775
725878
716868
721321
676512
720323
711696
705477
699356
672279
689640
720795
715501
720635
711084
716012
717050
717286
715962
692462
704587
678852
717382
704011
719523
709410
711538
715826
697105
718677
699502
715052
722382
691514
694498
716746
717050
684039
717300
683299
692542
716830
713950
712300
709876
706368
707288
706146
718265
719099
718665
714495
709403
721462
725842
708470
714078
710887
707837
716750
720989
705622
708460
723668
719048
716266
720716
704780
713013
698545
718290
721506
718694
708798
720144
719424
712704
720136
718981
715394
731423
722692
726121
720080
723689
711480
731855
715154
724535
730395
709367
721942
730539
722184
724489
721234
704179
692018
725647
720342
724454
717576
709578
715623
716368
712220
727922
691563
710177
731103
721932
714777
721863
713044
713740
686125
716059
729426
718252
726746
717794
713908
705361
728833
722705
720873
719367
712776
724775
713416
715005
714038
703125
716642
721101
720258
724393
720066
721652
713776
710519
713937
720439
723946
702347
724225
695674
716156
721557
687793
715689
709718
721127
693146
681122
675412
713936
714503
718513
716164
710603
722326
711341
721888
712888
676065
705473
687794
719099
709261
715218
712671
706865
709220
699844
701383
722305
715672
718179
684435
698658
721549
710414
688074
715066
669191
709145
709206
716528
709888
711525
700020
710767
705281
724993
713307
723281
708847
711436
721326
714068
712555
716098
713046
701475
725822
702530
712926
713133
722708
722705
711727
718260
706268
713963
694839
721434
722910
710073
719175
719693
715918
713961
721516
714497
718549
730793
720268
728693
714407
723134
716183
724849
717948
723260
720670
719554
721400
727911
725474
723399
713668
694481
706765
721459
724931
718223
718055
708047
717006
713048
719210
721687
685965
719677
728310
721803
711135
722940
711836
685311
705496
727795
722343
720628
728249
704341
725528
706225
727092
721376
720930
718911
713201
720363
712433
716078
717286
702090
714666
715521
724240
724619
721926
709977
723759
697101
725494
720320
716392
706279
717256
702356
720159
718107
684728
715273
710022
711155
703542
676276
676971
714256
711339
718219
718598
712928
714846
716019
712139
692078
704005
698712
698707
713807
704670
720817
699428
714814
704310
710610
698094
716219
719704
711621
687767
702027
716052
712582
688540
697170
680187
712828
709415
714980
710115
703536
708695
706883
710720
719777
718672
716400
701521
719323
725004
710992
711357
712801
706346
711857
727441
697331
712004
716061
721974
716614
716193
718794
701422
721383
690676
721928
721763
703373
722831
722614
711716
713380
718291
708252
730224
728980
719297
727500
716197
711419
727134
720051
722541
724341
710141
722265
726535
722504
727983
715810
707916
689158
721842
718653
725406
723000
703622
721131
714102
706107
725576
691618
710979
725906
727332
713787
718349
718601
711115
682085
708406
731690
719178
722851
715755
712210
715300
719100
721338
722908
721153
705594
726055
714630
717909
709684
714631
702978
717817
715711
726315
718911
722468
714316
717581
702840
720218
721591
712169
710223
696212
724158
714946
720612
675131
718990
710036
703796
696632
673985
688628
716486
714446
719434
711161
715209
712362
718520
714223
691468
703114
677715
715128
703484
718754
707635
707071
717131
695573
718596
697920
714486
718695
691856
689976
717366
716973
682544
715670
682228
691540
715417
711919
711321
706983
702521
708020
706598
716686
717944
716856
711845
708365
720202
719214
713582
711241
710493
704876
716228
720439
698584
711761
722634
718151
714529
718992
701178
714093
697195
714637
722454
717422
707465
718878
717689
711281
718766
717334
714642
729748
718336
727582
717836
722127
710654
729758
714382
722240
729417
707389
718871
730882
720500
722213
719340
704460
690638
723116
719930
717096
718264
712002
714647
714108
711164
726410
690511
707660
727854
723321
712395
719596
712729
712356
684866
714553
727072
718701
722238
717683
711303
703772
727653
722219
719838
717505
711223
720271
714739
713253
712997
702047
714402
720592
718326
720765
721136
719390
713006
708858
712362
718146
723363
701198
716686
700414
715305
719263
687254
713317
708468
720907
691790
674208
680013
711235
714203
717312
713948
709308
716996
712330
719734
714481
674647
702886
686165
719404
704607
716916
711018
704615
704095
703699
700507
719831
713554
716442
683144
698769
721403
707855
684943
715026
668120
706925
706599
716434
706974
713448
695357
709292
706395
723871
711779
722087
707849
707655
721914
712527
712301
712919
712809
699622
725039
700688
711053
711239
722667
719412
710512
717492
705434
711544
693065
721151
721419
709734
717779
717826
711744
711522
723129
713947
716950
725686
721932
727057
713541
722187
713917
720643
719504
721463
719502
714381
723981
725249
723120
721966
714048
692468
705183
720732
721934
718507
714750
707920
716101
710756
718953
720314
677946
724107
726147
720112
711052
720512
710670
683578
704346
726482
721148
718877
725190
702903
715526
714447
724919
719971
719413
717545
710759
719607
711997
714464
712698
703622
713096
712755
724311
723335
717615
711102
720972
697995
723658
718399
715460
704150
716298
701703
715474
719122
683549
712356
709982
707972
689894
687285
673587
715767
710547
718394
716313
711902
712565
715911
709948
690367
703330
697378
697177
708842
706159
710250
708732
712056
703466
708093
696683
716848
718338
709709
686449
700244
715622
706402
690176
698186
678489
710811
709194
713513
708733
702002
705127
706559
710281
718776
716700
715469
699607
717933
723780
710010
709301
709000
707523
710507
721018
699942
707708
718427
720534
715068
714581
716781
701712
715923
692550
720956
716763
706285
720071
721072
709916
712992
716051
707918
728845
727170
718110
726082
714084
710525
724252
718083
718623
726374
708825
721273
724700
719649
726845
715544
706696
687124
720824
717790
722430
722565
701778
719668
706468
711034
723603
690596
708958
725349
725502
708916
720707
712708
710410
683775
707121
730288
717670
721674
714148
709284
711222
720810
720513
718992
722044
703637
725054
713363
715788
705577
715955
699523
719636
714177
722721
719092
720547
713575
715636
701362
718455
719621
711712
708625
695114
714550
721374
719209
673702
717836
709261
701691
671775
697311
685356
716507
713403
715161
710426
715944
710959
717378
712946
690051
697801
675041
717950
703619
716687
706725
703322
707926
704275
716758
697573
712718
717070
682767
696611
716178
713530
682661
712477
682449
690349
714640
709577
709958
706745
700893
705908
706227
715934
713882
717171
710874
707174
719102
717105
706192
715327
710098
703469
713284
718304
699721
709118
720914
717487
710356
718239
700846
713954
695046
714292
720388
716207
706423
716822
715775
711001
717545
716198
712472
727878
717566
725810
715833
721323
709584
723851
714500
723057
719747
713550
718124
729117
718475
720548
717302
703113
690332
721130
719598
715943
716454
707787
711728
709392
716648
725760
688984
706406
726014
721475
711136
718194
711151
710954
683104
712450
726346
717759
720797
715748
708104
703430
726608
717761
721122
716843
708871
716777
713930
709825
715510
699110
713757
713071
722900
720194
719360
716175
713758
696552
720799
717272
720825
699212
715614
698894
714988
717418
686531
712016
707825
717632
691868
671358
679913
709737
712744
715454
711681
710576
715161
710566
716481
714922
672857
695258
693171
717534
702256
712821
710730
705353
702218
702628
698577
719275
712155
715457
680186
698397
712405
714431
684057
713431
662290
710187
703316
716291
705840
710367
695621
707484
705174
722235
711396
719683
706536
706307
720851
709135
712552
712715
710715
698275
722523
700544
709403
710126
721048
718701
708185
715703
704142
710541
691941
719702
720661
708030
715733
716582
711027
709368
721757
713456
714787
723816
721210
725272
712086
709330
723951
717731
719228
719180
718910
712186
721683
725241
720714
720821
712619
691984
703419
718998
721238
716393
711100
708788
713929
709203
718391
719238
676910
722362
723502
718651
710768
718610
709491
681903
702376
725107
718557
719087
723095
701463
713979
713280
722796
719437
717213
715780
709860
717900
710862
712267
712077
702153
711379
710796
724168
720709
715772
710511
718790
697375
722592
716183
714202
703364
714146
701086
712622
717697
679583
714803
709117
706218
687674
686811
671148
715968
709379
716852
706444
719234
711110
712642
710330
688536
702289
695800
695077
708692
703189
709658
707948
709392
703126
705520
696910
712598
719917
708351
679804
701793
715931
706233
687874
696448
677631
708810
707487
711668
708253
701918
700513
700214
717084
717045
712991
709771
704949
716355
723071
707383
707969
708662
705012
708162
720002
699789
705023
718649
718389
712539
714894
713812
701547
714822
690640
718423
717645
703661
718998
720138
707491
712128
714089
707497
727279
724449
717538
715843
720014
710507
722502
715063
718517
724734
707715
719288
722749
719240
725326
713548
705346
686100
719560
716661
720326
719234
702574
716433
707173
708053
723349
689282
705171
726245
723952
707395
719010
711382
708394
682104
707259
726827
714350
722493
713296
707892
707576
721379
718852
716493
720937
702724
721619
712715
711636
705798
699458
715374
718723
712410
721088
715772
720436
710893
714137
702200
714547
719980
710825
706490
694804
711939
720523
697188
693116
715948
708395
695322
675463
672956
708025
714640
710928
714628
707729
716030
709812
716297
710997
688760
694858
675015
715668
702221
716950
705133
702127
704954
703201
693418
719015
710835
715553
682620
692181
717752
712357
681057
708036
680482
692521
712987
708900
707831
705937
693175
711386
696620
722634
709978
716792
709172
706566
718186
715803
703376
715730
704169
706180
712671
715786
699082
707455
718521
716573
708196
717203
700060
711433
694086
713383
719010
714159
706617
714791
713947
709793
716029
715185
710056
727662
715180
724839
714515
717801
710344
721393
713709
719262
720433
711515
716765
727693
717521
718825
713469
702935
689763
717947
720551
713931
715956
704764
710059
708952
716324
724024
687062
704451
723232
721876
710018
714903
707604
712902
681682
710272
723728
717616
719250
714708
706515
702591
724203
716580
720012
715417
706061
716285
712430
708434
713749
697209
711891
713323
719736
719690
717688
712407
713667
695176
720869
716085
718719
698272
714024
696834
714478
715658
685366
709127
708318
714337
691629
670722
673702
712217
708600
717738
710539
708143
715358
708049
714892
710730
672132
696031
693425
716156
700985
711090
708849
703204
697182
705158
697799
716222
712886
706236
686300
697865
711410
709182
684366
707674
666265
709331
701921
712993
706767
709352
692980
705325
705705
719338
711304
717123
693441
717248
719287
708020
709970
712339
700432
706215
721233
696019
707763
712353
715987
718846
705988
716643
699298
713284
690036
718311
718969
702207
719473
713542
709609
709038
714505
717646
712418
723531
718503
725234
710131
707639
721438
718024
717074
717667
712345
715912
720268
723478
718783
720286
708948
690474
703159
713946
722604
716474
710074
707508
712703
706975
714572
720243
675706
720672
722145
717376
708825
715178
710165
676689
705477
723282
717158
717187
721547
698649
713579
712387
720802
717138
716769
714217
708710
713511
711686
708681
713210
699205
711102
709113
723582
718793
714074
709448
715445
698041
720601
715641
712512
701968
700800
710433
711645
716815
674762
714741
709724
705590
686123
678315
677002
714965
706510
716434
705293
717840
707794
711094
710912
686642
701542
692059
697170
695582
712973
708272
706367
706768
697816
709927
695874
710313
717617
708094
679012
698921
711284
681555
714109
675017
697181
704952
707645
708140
703887
706446
699325
698980
712892
717774
711865
707815
704429
714267
720104
702022
711842
706958
704266
707189
718153
698269
703406
716500
716984
711935
713918
709500
702552
711032
691657
716101
717351
700049
716751
714481
711896
710282
714716
705694
725876
721955
717136
714090
719981
708412
720830
713745
716716
722848
705899
717996
722218
717260
723566
712337
700747
686991
719404
713753
720121
717052
699274
717215
706091
705842
722973
687038
704158
724987
720865
706974
717971
709627
707593
